9.75686747360354 6.02615138919838 7.05063557189997 8.21751985243315 6.82041095620815 8.55587287347937 5.18063001845798 6.51909455014678 8.29677009054362 10.6632907391090 7.82992973845607 9.96116762628738 1.84850407544944 4.21731767250373 8.0029984027591 8.96602616834464 5.95119450540377 9.89878028064529 9.4728388615984 9.21287667038874
6.02615138919838 10.5906569992946 10.0342258873436 11.2431890601171 6.79876105181038 8.63184666376993 6.35020851954461 11.7159731779928 9.96433055603998 10.1121612432404 11.0337999378016 10.8869893512022 7.76882609482555 8.83602582722582 9.09034665849303 12.5411423150661 9.7777638798137 12.6566133822919 12.1184400553465 10.6449077928942
7.05063557189997 10.0342258873436 12.1335015181661 12.5740181002203 6.3093582418232 9.40288116993826 6.91082118397978 11.5940664786873 10.3759922477490 9.7986723228117 10.7551102708094 12.3625247891009 6.94347374149218 8.652484382217 9.25018657288943 13.6973151899140 10.1466614478431 13.6098016899135 13.1697552122813 11.4665708714529
8.21751985243315 11.2431890601171 12.5740181002203 17.7593243970820 9.59007381047465 12.2153265846133 12.105339209321 13.3086563881315 12.6598559426351 10.2989495491691 13.3516859104286 12.4200206456721 10.0754009554896 8.32723421306367 8.57878148846582 14.8925551634749 14.0675465939836 15.6194121804455 13.8839225554552 14.5409220572441
6.82041095620815 6.79876105181038 6.3093582418232 9.59007381047465 9.28666998094381 5.58508350760777 6.80564182868369 7.0446939008055 8.22917837813118 8.75753152122065 8.77405794674084 7.84686471093513 3.83145304778158 4.61171490040157 5.74435774940627 7.25033356536241 8.66616697012352 9.79633141548514 7.2621463326004 8.59869508109346
8.55587287347937 8.63184666376993 9.40288116993826 12.2153265846133 5.58508350760777 14.2335850877165 8.75918683755554 11.2890075360938 9.76271315284105 11.2781989667982 10.3498971240041 11.7928584617402 7.19892566595828 5.78979640527785 9.72432433965226 13.593158251525 9.54739499873796 11.9970659491599 13.1554417979810 12.0543093105625
5.18063001845798 6.35020851954461 6.91082118397978 12.105339209321 6.80564182868369 8.75918683755554 11.2680693155994 8.66965290532145 8.35463968876361 5.6173567822833 7.71367264650871 8.222950154298 6.78524176051197 2.72173193573666 5.26034613973575 8.35030052730135 10.1724011509190 10.4895839131061 7.78458169012829 9.95705122512251
6.51909455014678 11.7159731779928 11.5940664786873 13.3086563881315 7.0446939008055 11.2890075360938 8.66965290532145 16.0839703652671 10.1130657689306 11.6529683851144 11.491079843331 13.7739128102936 10.0273808360427 9.35248977779265 11.4095324321067 14.6266081310762 11.5600323824086 15.7250150958461 15.3881171225937 12.3674710449843
8.29677009054362 9.96433055603998 10.3759922477490 12.6598559426351 8.22917837813118 9.76271315284105 8.35463968876361 10.1130657689306 13.5288861911068 11.9964338327624 11.3262786690377 12.4057148870996 6.77857438215498 7.92253859221448 7.87988942295366 13.6973047307180 9.67590296141006 13.0830686610269 12.1686829426578 12.4323765382016
10.6632907391090 10.1121612432404 9.7986723228117 10.2989495491691 8.75753152122065 11.2781989667982 5.6173567822833 11.6529683851144 11.9964338327624 18.5787498048789 13.5342983271543 13.7223702772655 4.78908347204804 8.82987988518856 11.0537730802420 13.9801209305952 9.8193397807449 14.2630612825778 14.7516791309607 11.5822106096063
7.82992973845607 11.0337999378016 10.7551102708094 13.3516859104286 8.77405794674084 10.3498971240041 7.71367264650871 11.491079843331 11.3262786690377 13.5342983271543 15.9453111921991 10.2092034275105 7.65309878287016 9.3186080151754 9.65958008203142 11.6216154493776 12.8458186550154 13.5186404222116 12.5027983204116 11.2274466091158
9.96116762628738 10.8869893512022 12.3625247891009 12.4200206456721 7.84686471093513 11.7928584617402 8.222950154298 13.7739128102936 12.4057148870996 13.7223702772655 10.2092034275105 17.0104054808198 6.30120024283854 8.23609778888048 12.2761772457396 16.2689394363724 9.99349442799766 16.3532591879872 15.8150863908131 13.7582029271339
1.84850407544944 7.76882609482555 6.94347374149218 10.0754009554896 3.83145304778158 7.19892566595828 6.78524176051197 10.0273808360427 6.77857438215498 4.78908347204804 7.65309878287016 6.30120024283854 9.34999964988618 6.35434303590809 4.7689329378515 9.20206009754567 7.8779182447069 8.56944297413115 8.66801234690755 7.83628064129682
4.21731767250373 8.83602582722582 8.652484382217 8.32723421306367 4.61171490040157 5.78979640527785 2.72173193573666 9.35248977779265 7.92253859221448 8.82987988518856 9.3186080151754 8.23609778888048 6.35434303590809 9.1479366120664 6.70865166804584 10.7987382636933 6.90121523999677 9.73670105067006 10.4324734902340 7.74131957162044
8.0029984027591 9.09034665849303 9.25018657288943 8.57878148846582 5.74435774940627 9.72432433965226 5.26034613973575 11.4095324321067 7.87988942295366 11.0537730802420 9.65958008203142 12.2761772457396 4.7689329378515 6.70865166804584 12.3885233376586 10.23375866914 7.86615126536591 12.4892468048389 12.2084321446513 9.61803572982585
8.96602616834464 12.5411423150661 13.6973151899140 14.8925551634749 7.25033356536241 13.593158251525 8.35030052730135 14.6266081310762 13.6973047307180 13.9801209305952 11.6216154493776 16.2689394363724 9.20206009754567 10.7987382636933 10.23375866914 23.1863075157939 12.6767455142431 17.6120953341950 18.1209868071631 16.1551846108670
5.95119450540377 9.7777638798137 10.1466614478431 14.0675465939836 8.66616697012352 9.54739499873796 10.1724011509190 11.5600323824086 9.67590296141006 9.8193397807449 12.8458186550154 9.99349442799766 7.8779182447069 6.90121523999677 7.86615126536591 12.6767455142431 14.9175314280900 14.2673167840866 11.2904443629489 11.7119372786549
9.89878028064529 12.6566133822919 13.6098016899135 15.6194121804455 9.79633141548514 11.9970659491599 10.4895839131061 15.7250150958461 13.0830686610269 14.2630612825778 13.5186404222116 16.3532591879872 8.56944297413115 9.73670105067006 12.4892468048389 17.6120953341950 14.2673167840866 19.6968711152836 17.0389144512396 15.4159923642981
9.4728388615984 12.1184400553465 13.1697552122813 13.8839225554552 7.2621463326004 13.1554417979810 7.78458169012829 15.3881171225937 12.1686829426578 14.7516791309607 12.5027983204116 15.8150863908131 8.66801234690755 10.4324734902340 12.2084321446513 18.1209868071631 11.2904443629489 17.0389144512396 17.8024498981520 14.1956633393006
9.21287667038874 10.6449077928942 11.4665708714529 14.5409220572441 8.59869508109346 12.0543093105625 9.95705122512251 12.3674710449843 12.4323765382016 11.5822106096063 11.2274466091158 13.7582029271339 7.83628064129682 7.74131957162044 9.61803572982585 16.1551846108670 11.7119372786549 15.4159923642981 14.1956633393006 14.4186948319871
